s: (111.5455, 203.909)
p: (173.5455, 401.909), (425.5455, 216.909), 2
f: (353.5455, 360.909)
k: (877.6122, 373.2942)
p: (704.6122, 480.2942), (783.8871, 206.3568), (929.6122, 235.2942), 2
p: (773.6122, 527.2942), (974.8734, 461.6018), (950.6122, 299.2942), 2
e: (167.0093, 870.0665)
e: (891.0093, 874.0665)
p: (74.00928, 683.0665), (366.0093, 766.0665), 2
p: (363.0093, 788.0665), (367.0093, 981.0665), 2
p: (706.0093, 789.0665), (637.64, 892.0665), (795.0093, 968.0665), 2
p: (826.0093, 706.0665), (928.201, 692.1815), (986.0093, 802.0665), 2
w: (0.0, 0.0, 1000.0, 1000.0)
